Year SSA-Mean -2SE +2SE
900 0.483 -0.384 1.35
901 0.373 -0.494 1.24
902 0.093 -0.774 0.96
903 0.153 -0.714 1.02
904 0.403 -0.464 1.27
905 0.573 -0.294 1.44
906 0.573 -0.294 1.44
907 0.183 -0.684 1.05
908 -0.097 -0.964 0.77
909 0.483 -0.384 1.35
910 -0.057 -0.924 0.81
911 -0.187 -1.054 0.68
912 -0.057 -0.924 0.81
913 0.073 -0.794 0.94
914 0.103 -0.764 0.97
915 0.203 -0.664 1.07
916 0.493 -0.374 1.36
917 -0.537 -1.404 0.33
918 0.043 -0.824 0.91
919 0.313 -0.554 1.18
920 0.163 -0.704 1.03
921 0.053 -0.814 0.92
922 0.123 -0.744 0.99
923 0.193 -0.674 1.06
924 0.183 -0.684 1.05
925 0.683 -0.184 1.55
926 0.373 -0.494 1.24
927 0.063 -0.804 0.93
928 0.523 -0.344 1.39
929 0.463 -0.404 1.33
930 0.643 -0.224 1.51
931 0.653 -0.214 1.52
932 0.273 -0.594 1.14
933 0.233 -0.634 1.1
934 0.483 -0.384 1.35
935 0.253 -0.614 1.12
936 0.143 -0.724 1.01
937 -0.007 -0.874 0.86
938 0.193 -0.674 1.06
939 0.263 -0.604 1.13
940 0.433 -0.434 1.3
941 0.423 -0.444 1.29
942 0.263 -0.604 1.13
943 0.313 -0.554 1.18
944 0.623 -0.244 1.49
945 0.353 -0.514 1.22
946 -0.397 -1.264 0.47
947 -0.177 -1.044 0.69
948 -0.427 -1.294 0.44
949 0.033 -0.834 0.9
950 0.123 -0.744 0.99
951 -0.037 -0.904 0.83
952 -0.157 -1.024 0.71
953 -0.137 -1.004 0.73
954 0.413 -0.454 1.28
955 0.223 -0.644 1.09
956 0.053 -0.814 0.92
957 -0.167 -1.034 0.7
958 -0.097 -0.964 0.77
959 -0.437 -1.304 0.43
960 -0.357 -1.224 0.51
961 -0.347 -1.214 0.52
962 -0.267 -1.134 0.6
963 -0.157 -1.024 0.71
964 -0.467 -1.334 0.4
965 -0.327 -1.194 0.54
966 -0.567 -1.434 0.3
967 -0.237 -1.104 0.63
968 0.033 -0.834 0.9
969 0.303 -0.564 1.17
970 -0.197 -1.064 0.67
971 -0.097 -0.964 0.77
972 -0.247 -1.114 0.62
973 -0.047 -0.914 0.82
974 -0.077 -0.944 0.79
975 -0.267 -1.134 0.6
976 -0.047 -0.914 0.82
977 0.173 -0.694 1.04
978 -0.357 -1.224 0.51
979 -0.137 -1.004 0.73
980 0.193 -0.674 1.06
981 0.233 -0.634 1.1
982 -0.067 -0.934 0.8
983 -0.457 -1.324 0.41
984 -0.007 -0.874 0.86
985 -0.227 -1.094 0.64
986 0.413 -0.454 1.28
987 -0.257 -1.124 0.61
988 -0.107 -0.974 0.76
989 0.253 -0.614 1.12
990 -0.057 -0.924 0.81
991 0.053 -0.814 0.92
992 -0.107 -0.974 0.76
993 -0.197 -1.064 0.67
994 0.093 -0.774 0.96
995 0.193 -0.674 1.06
996 0.453 -0.414 1.32
997 0.203 -0.664 1.07
998 0.473 -0.394 1.34
999 -0.277 -1.144 0.59
1000 -0.347 -1.214 0.52
1001 0.053 -0.814 0.92
1002 0.453 -0.414 1.32
1003 0.463 -0.404 1.33
1004 0.263 -0.604 1.13
1005 0.053 -0.814 0.92
1006 0.373 -0.494 1.24
1007 0.103 -0.764 0.97
1008 -0.337 -1.204 0.53
1009 -0.137 -1.004 0.73
1010 -0.267 -1.134 0.6
1011 -0.017 -0.884 0.85
1012 -0.247 -1.114 0.62
1013 0.003 -0.864 0.87
1014 0.133 -0.734 1
1015 0.083 -0.784 0.95
1016 0.033 -0.834 0.9
1017 0.433 -0.434 1.3
1018 0.003 -0.864 0.87
1019 0.063 -0.804 0.93
1020 0.203 -0.664 1.07
1021 -0.027 -0.894 0.84
1022 0.163 -0.704 1.03
1023 0.303 -0.564 1.17
1024 -0.187 -1.054 0.68
1025 0.093 -0.774 0.96
1026 0.033 -0.834 0.9
1027 0.273 -0.594 1.14
1028 -0.247 -1.114 0.62
1029 -0.007 -0.874 0.86
1030 0.063 -0.804 0.93
1031 0.053 -0.814 0.92
1032 -0.057 -0.924 0.81
1033 0.203 -0.664 1.07
1034 0.103 -0.764 0.97
1035 0.113 -0.754 0.98
1036 0.313 -0.554 1.18
1037 0.153 -0.714 1.02
1038 0.363 -0.504 1.23
1039 0.013 -0.854 0.88
1040 -0.347 -1.214 0.52
1041 0.073 -0.794 0.94
1042 -0.547 -1.414 0.32
1043 -0.227 -1.094 0.64
1044 -0.287 -1.154 0.58
1045 -0.127 -0.994 0.74
1046 0.453 -0.414 1.32
1047 -0.047 -0.914 0.82
1048 -0.047 -0.914 0.82
1049 0.123 -0.744 0.99
1050 0.393 -0.474 1.26
1051 0.223 -0.644 1.09
1052 0.003 -0.864 0.87
1053 0.593 -0.274 1.46
1054 0.403 -0.464 1.27
1055 0.433 -0.434 1.3
1056 0.413 -0.454 1.28
1057 0.573 -0.294 1.44
1058 0.693 -0.174 1.56
1059 0.213 -0.654 1.08
1060 0.393 -0.474 1.26
1061 0.213 -0.654 1.08
1062 0.303 -0.564 1.17
1063 0.123 -0.744 0.99
1064 0.293 -0.574 1.16
1065 -0.157 -1.024 0.71
1066 0.033 -0.834 0.9
1067 0.503 -0.364 1.37
1068 0.343 -0.524 1.21
1069 -0.097 -0.964 0.77
1070 0.173 -0.694 1.04
1071 -0.137 -1.004 0.73
1072 0.323 -0.544 1.19
1073 0.183 -0.684 1.05
1074 -0.017 -0.884 0.85
1075 -0.197 -1.064 0.67
1076 0.443 -0.424 1.31
1077 0.663 -0.204 1.53
1078 0.353 -0.514 1.22
1079 0.413 -0.454 1.28
1080 0.433 -0.434 1.3
1081 0.593 -0.274 1.46
1082 0.613 -0.254 1.48
1083 0.553 -0.314 1.42
1084 0.673 -0.194 1.54
1085 0.313 -0.554 1.18
1086 0.663 -0.204 1.53
1087 0.793 -0.074 1.66
1088 0.613 -0.254 1.48
1089 0.203 -0.664 1.07
1090 0.213 -0.654 1.08
1091 -0.257 -1.124 0.61
1092 0.043 -0.824 0.91
1093 0.363 -0.504 1.23
1094 -0.527 -1.394 0.34
1095 -0.297 -1.164 0.57
1096 -0.087 -0.954 0.78
1097 -0.017 -0.884 0.85
1098 -0.147 -1.014 0.72
1099 -0.097 -0.964 0.77
1100 -0.257 -1.124 0.61
1101 -0.677 -1.544 0.19
1102 -0.477 -1.344 0.39
1103 -0.187 -1.054 0.68
1104 0.073 -0.794 0.94
1105 -0.047 -0.914 0.82
1106 0.093 -0.774 0.96
1107 -0.307 -1.174 0.56
1108 -0.187 -1.054 0.68
1109 0.493 -0.374 1.36
1110 0.293 -0.574 1.16
1111 -0.057 -0.924 0.81
1112 -0.017 -0.884 0.85
1113 0.003 -0.864 0.87
1114 -0.297 -1.164 0.57
1115 -0.067 -0.934 0.8
1116 -0.537 -1.404 0.33
1117 -0.257 -1.124 0.61
1118 -0.377 -1.244 0.49
1119 -0.347 -1.214 0.52
1120 0.123 -0.744 0.99
1121 0.423 -0.444 1.29
1122 0.123 -0.744 0.99
1123 -0.027 -0.894 0.84
1124 -0.167 -1.034 0.7
1125 -0.337 -1.204 0.53
1126 -0.177 -1.044 0.69
1127 -0.387 -1.254 0.48
1128 -0.607 -1.474 0.26
1129 -0.457 -1.324 0.41
1130 -0.337 -1.204 0.53
1131 -0.197 -1.064 0.67
1132 -0.387 -1.254 0.48
1133 -0.737 -1.604 0.13
1134 -0.187 -1.054 0.68
1135 -0.197 -1.064 0.67
1136 0.053 -0.814 0.92
1137 -0.687 -1.554 0.18
1138 -0.437 -1.304 0.43
1139 -0.957 -1.824 -0.09
1140 -0.737 -1.604 0.13
1141 -0.357 -1.224 0.51
1142 -0.607 -1.474 0.26
1143 -0.347 -1.214 0.52
1144 -0.737 -1.604 0.13
1145 -0.237 -1.104 0.63
1146 -0.297 -1.164 0.57
1147 -0.467 -1.334 0.4
1148 -0.167 -1.034 0.7
1149 0.173 -0.694 1.04
1150 -0.017 -0.884 0.85
1151 0.033 -0.834 0.9
1152 -0.117 -0.984 0.75
1153 -0.357 -1.224 0.51
1154 -0.337 -1.204 0.53
1155 -0.227 -1.094 0.64
1156 -0.627 -1.494 0.24
1157 -0.477 -1.344 0.39
1158 -0.157 -1.024 0.71
1159 0.283 -0.584 1.15
1160 0.073 -0.794 0.94
1161 0.643 -0.224 1.51
1162 0.283 -0.584 1.15
1163 -0.207 -1.074 0.66
1164 0.463 -0.404 1.33
1165 0.043 -0.824 0.91
1166 0.043 -0.824 0.91
1167 -0.087 -0.954 0.78
1168 0.333 -0.534 1.2
1169 -0.057 -0.924 0.81
1170 -0.117 -0.984 0.75
1171 -0.107 -0.974 0.76
1172 0.093 -0.774 0.96
1173 0.003 -0.864 0.87
1174 0.083 -0.784 0.95
1175 -0.327 -1.194 0.54
1176 0.563 -0.304 1.43
1177 0.333 -0.534 1.2
1178 0.593 -0.274 1.46
1179 0.283 -0.584 1.15
1180 -0.037 -0.904 0.83
1181 0.593 -0.274 1.46
1182 0.263 -0.604 1.13
1183 0.243 -0.624 1.11
1184 0.353 -0.514 1.22
1185 0.643 -0.224 1.51
1186 0.393 -0.474 1.26
1187 0.233 -0.634 1.1
1188 -0.287 -1.154 0.58
1189 0.063 -0.804 0.93
1190 0.123 -0.744 0.99
1191 0.533 -0.334 1.4
1192 0.253 -0.614 1.12
1193 -0.067 -0.934 0.8
1194 0.493 -0.374 1.36
1195 0.523 -0.344 1.39
1196 0.263 -0.604 1.13
1197 -0.147 -1.014 0.72
1198 0.303 -0.564 1.17
1199 0.563 -0.304 1.43
1200 0.723 -0.144 1.59
1201 0.193 -0.674 1.06
1202 -0.347 -1.214 0.52
1203 -0.497 -1.364 0.37
1204 0.543 -0.324 1.41
1205 0.953 0.086 1.82
1206 0.223 -0.644 1.09
1207 0.393 -0.474 1.26
1208 0.223 -0.644 1.09
1209 -0.257 -1.124 0.61
1210 -0.077 -0.944 0.79
1211 -0.007 -0.874 0.86
1212 -0.367 -1.234 0.5
1213 -0.267 -1.134 0.6
1214 -0.277 -1.144 0.59
1215 -0.287 -1.154 0.58
1216 0.463 -0.404 1.33
1217 0.013 -0.854 0.88
1218 0.833 -0.034 1.7
1219 -0.157 -1.024 0.71
1220 0.133 -0.734 1
1221 0.033 -0.834 0.9
1222 0.163 -0.697 1.023
1223 -0.027 -0.887 0.833
1224 -0.117 -0.977 0.743
1225 0.053 -0.807 0.913
1226 0.473 -0.387 1.333
1227 -0.227 -1.087 0.633
1228 -0.037 -0.897 0.823
1229 0.113 -0.747 0.973
1230 0.213 -0.647 1.073
1231 -0.027 -0.887 0.833
1232 0.223 -0.637 1.083
1233 0.193 -0.667 1.053
1234 0.083 -0.777 0.943
1235 0.073 -0.787 0.933
1236 0.213 -0.647 1.073
1237 -0.007 -0.867 0.853
1238 0.523 -0.337 1.383
1239 0.153 -0.707 1.013
1240 0.223 -0.637 1.083
1241 -0.237 -1.097 0.623
1242 -0.407 -1.267 0.453
1243 0.183 -0.677 1.043
1244 -0.087 -0.947 0.773
1245 -0.417 -1.277 0.443
1246 0.283 -0.577 1.143
1247 -0.127 -0.987 0.733
1248 -0.767 -1.627 0.093
1249 0.033 -0.827 0.893
1250 0.433 -0.427 1.293
1251 0.023 -0.837 0.883
1252 -0.277 -1.137 0.583
1253 0.183 -0.677 1.043
1254 0.263 -0.597 1.123
1255 0.413 -0.447 1.273
1256 0.553 -0.307 1.413
1257 0.243 -0.617 1.103
1258 0.173 -0.687 1.033
1259 0.363 -0.497 1.223
1260 0.223 -0.637 1.083
1261 0.563 -0.297 1.423
1262 0.473 -0.387 1.333
1263 0.493 -0.367 1.353
1264 0.423 -0.437 1.283
1265 0.213 -0.647 1.073
1266 0.403 -0.457 1.263
1267 0.343 -0.517 1.203
1268 0.273 -0.587 1.133
1269 0.243 -0.617 1.103
1270 0.393 -0.467 1.253
1271 0.183 -0.677 1.043
1272 0.003 -0.857 0.863
1273 0.093 -0.767 0.953
1274 -0.287 -1.147 0.573
1275 0.123 -0.737 0.983
1276 0.243 -0.617 1.103
1277 -0.087 -0.947 0.773
1278 0.123 -0.737 0.983
1279 0.423 -0.437 1.283
1280 0.423 -0.437 1.283
1281 0.353 -0.507 1.213
1282 0.083 -0.777 0.943
1283 0.463 -0.397 1.323
1284 0.533 -0.327 1.393
1285 0.543 -0.317 1.403
1286 -0.007 -0.867 0.853
1287 0.113 -0.747 0.973
1288 0.103 -0.757 0.963
1289 -0.207 -1.067 0.653
1290 -0.517 -1.377 0.343
1291 -0.207 -1.067 0.653
1292 0.393 -0.467 1.253
1293 0.103 -0.757 0.963
1294 0.693 -0.167 1.553
1295 0.453 -0.407 1.313
1296 0.153 -0.707 1.013
1297 0.183 -0.677 1.043
1298 -0.067 -0.927 0.793
1299 0.413 -0.447 1.273
1300 0.123 -0.737 0.983
1301 0.113 -0.747 0.973
1302 0.233 -0.627 1.093
1303 0.173 -0.687 1.033
1304 0.193 -0.667 1.053
1305 0.573 -0.287 1.433
1306 0.473 -0.387 1.333
1307 0.543 -0.317 1.403
1308 0.383 -0.477 1.243
1309 0.303 -0.557 1.163
1310 0.353 -0.507 1.213
1311 0.493 -0.367 1.353
1312 0.553 -0.307 1.413
1313 -0.317 -1.177 0.543
1314 0.263 -0.597 1.123
1315 -0.137 -0.997 0.723
1316 0.503 -0.357 1.363
1317 0.473 -0.387 1.333
1318 0.293 -0.567 1.153
1319 0.463 -0.397 1.323
1320 0.183 -0.677 1.043
1321 0.333 -0.527 1.193
1322 0.263 -0.597 1.123
1323 0.403 -0.457 1.263
1324 0.353 -0.507 1.213
1325 0.423 -0.437 1.283
1326 0.683 -0.177 1.543
1327 0.653 -0.207 1.513
1328 0.253 -0.607 1.113
1329 0.393 -0.467 1.253
1330 0.373 -0.487 1.233
1331 0.363 -0.497 1.223
1332 0.643 -0.217 1.503
1333 0.493 -0.367 1.353
1334 0.633 -0.227 1.493
1335 -0.057 -0.917 0.803
1336 0.193 -0.667 1.053
1337 0.563 -0.297 1.423
1338 0.163 -0.697 1.023
1339 0.623 -0.237 1.483
1340 0.553 -0.307 1.413
1341 0.583 -0.277 1.443
1342 0.223 -0.637 1.083
1343 0.113 -0.747 0.973
1344 0.283 -0.577 1.143
1345 0.033 -0.827 0.893
1346 0.043 -0.817 0.903
1347 0.093 -0.767 0.953
1348 -0.147 -1.007 0.713
1349 -0.027 -0.887 0.833
1350 0.313 -0.547 1.173
1351 0.203 -0.657 1.063
1352 -0.017 -0.877 0.843
1353 0.013 -0.847 0.873
1354 -0.267 -1.127 0.593
1355 0.213 -0.647 1.073
1356 -0.187 -1.047 0.673
1357 -0.297 -1.157 0.563
1358 -0.147 -1.007 0.713
1359 0.093 -0.767 0.953
1360 0.203 -0.657 1.063
1361 -0.457 -1.317 0.403
1362 0.043 -0.817 0.903
1363 -0.267 -1.127 0.593
1364 0.033 -0.827 0.893
1365 -0.377 -1.237 0.483
1366 0.243 -0.617 1.103
1367 0.253 -0.607 1.113
1368 0.503 -0.357 1.363
1369 -0.247 -1.107 0.613
1370 0.393 -0.467 1.253
1371 -0.087 -0.947 0.773
1372 -0.027 -0.887 0.833
1373 0.313 -0.547 1.173
1374 0.123 -0.737 0.983
1375 -0.177 -1.037 0.683
1376 -0.267 -1.127 0.593
1377 0.133 -0.727 0.993
1378 -0.127 -0.987 0.733
1379 0.043 -0.817 0.903
1380 0.033 -0.827 0.893
1381 -0.147 -1.007 0.713
1382 -0.217 -1.077 0.643
1383 0.103 -0.757 0.963
1384 -0.027 -0.887 0.833
1385 -0.187 -1.047 0.673
1386 -0.227 -1.087 0.633
1387 -0.347 -1.207 0.513
1388 0.133 -0.727 0.993
1389 -0.027 -0.887 0.833
1390 -0.267 -1.127 0.593
1391 -0.207 -1.067 0.653
1392 -0.427 -1.287 0.433
1393 -0.357 -1.217 0.503
1394 -0.927 -1.787 -0.067
1395 -0.927 -1.787 -0.067
1396 -0.797 -1.657 0.063
1397 -0.607 -1.467 0.253
1398 -0.827 -1.687 0.033
1399 -0.897 -1.757 -0.037
1400 -0.257 -1.117 0.603
1401 -0.677 -1.537 0.183
1402 -0.897 -1.757 -0.037
1403 -0.527 -1.387 0.333
1404 -0.887 -1.747 -0.027
1405 -1.047 -1.907 -0.187
1406 -0.007 -0.867 0.853
1407 0.093 -0.767 0.953
1408 -0.097 -0.957 0.763
1409 -0.487 -1.347 0.373
1410 -0.577 -1.437 0.283
1411 -0.637 -1.497 0.223
1412 -0.397 -1.257 0.463
1413 -0.827 -1.687 0.033
1414 -0.487 -1.347 0.373
1415 -0.287 -1.147 0.573
1416 -0.257 -1.117 0.603
1417 -0.427 -1.287 0.433
1418 -0.447 -1.307 0.413
1419 -0.647 -1.507 0.213
1420 -0.287 -1.147 0.573
1421 -0.377 -1.237 0.483
1422 -0.197 -1.057 0.663
1423 -0.357 -1.217 0.503
1424 -0.127 -0.987 0.733
1425 -0.427 -1.287 0.433
1426 -0.357 -1.217 0.503
1427 -0.377 -1.237 0.483
1428 -0.297 -1.157 0.563
1429 -0.377 -1.237 0.483
1430 -0.557 -1.417 0.303
1431 -0.387 -1.247 0.473
1432 -0.337 -1.197 0.523
1433 -0.437 -1.297 0.423
1434 -0.437 -1.297 0.423
1435 -0.457 -1.317 0.403
1436 -0.777 -1.637 0.083
1437 -0.437 -1.297 0.423
1438 -0.217 -1.077 0.643
1439 -0.397 -1.257 0.463
1440 -0.657 -1.517 0.203
1441 -0.667 -1.527 0.193
1442 -0.607 -1.467 0.253
1443 -0.417 -1.277 0.443
1444 -0.607 -1.467 0.253
1445 -0.507 -1.367 0.353
1446 -0.637 -1.497 0.223
1447 -0.797 -1.657 0.063
1448 -0.427 -1.287 0.433
1449 -0.727 -1.587 0.133
1450 -0.307 -1.167 0.553
1451 -0.367 -1.227 0.493
1452 -0.297 -1.157 0.563
1453 0.063 -0.797 0.923
1454 -0.137 -0.997 0.723
1455 -0.067 -0.927 0.793
1456 -0.437 -1.297 0.423
1457 -0.077 -0.937 0.783
1458 -0.307 -1.167 0.553
1459 -0.757 -1.617 0.103
1460 -0.537 -1.397 0.323
1461 -0.127 -0.987 0.733
1462 -0.237 -1.097 0.623
1463 -0.037 -0.897 0.823
1464 -0.437 -1.297 0.423
1465 -0.377 -1.237 0.483
1466 -0.447 -1.307 0.413
1467 -0.047 -0.907 0.813
1468 -0.207 -1.067 0.653
1469 -0.167 -1.027 0.693
1470 0.163 -0.697 1.023
1471 -0.097 -0.957 0.763
1472 -0.067 -0.927 0.793
1473 -0.147 -1.007 0.713
1474 0.003 -0.857 0.863
1475 -0.077 -0.937 0.783
1476 -0.397 -1.257 0.463
1477 -0.387 -1.247 0.473
1478 -0.797 -1.657 0.063
1479 -0.837 -1.697 0.023
1480 -0.597 -1.457 0.263
1481 -0.587 -1.447 0.273
1482 -0.217 -1.077 0.643
1483 -0.437 -1.297 0.423
1484 -0.127 -0.987 0.733
1485 -0.587 -1.447 0.273
1486 -0.407 -1.267 0.453
1487 -0.697 -1.557 0.163
1488 -0.557 -1.417 0.303
1489 -0.407 -1.267 0.453
1490 -0.637 -1.497 0.223
1491 -0.427 -1.287 0.433
1492 -0.567 -1.392 0.258
1493 -0.587 -1.412 0.238
1494 -0.697 -1.522 0.128
1495 -0.107 -0.932 0.718
1496 -0.357 -1.182 0.468
1497 -0.197 -1.022 0.628
1498 -0.467 -1.292 0.358
1499 -0.767 -1.592 0.058
1500 -0.267 -1.092 0.558
1501 -0.427 -1.252 0.398
1502 -0.527 -1.352 0.298
1503 -0.187 -1.012 0.638
1504 -0.287 -1.112 0.538
1505 -0.317 -1.142 0.508
1506 -0.187 -1.012 0.638
1507 -0.637 -1.462 0.188
1508 -0.247 -1.072 0.578
1509 -0.297 -1.122 0.528
1510 -0.057 -0.882 0.768
1511 -0.537 -1.362 0.288
1512 -0.407 -1.232 0.418
1513 -0.077 -0.902 0.748
1514 0.013 -0.812 0.838
1515 0.043 -0.782 0.868
1516 0.223 -0.602 1.048
1517 -0.077 -0.902 0.748
1518 0.103 -0.722 0.928
1519 -0.187 -1.012 0.638
1520 0.243 -0.582 1.068
1521 -0.147 -0.972 0.678
1522 -0.157 -0.982 0.668
1523 -0.337 -1.162 0.488
1524 -0.247 -1.072 0.578
1525 -0.007 -0.832 0.818
1526 0.033 -0.792 0.858
1527 0.073 -0.752 0.898
1528 0.073 -0.752 0.898
1529 -0.217 -1.042 0.608
1530 -0.627 -1.452 0.198
1531 -0.157 -0.982 0.668
1532 0.113 -0.712 0.938
1533 -0.307 -1.132 0.518
1534 -0.157 -0.982 0.668
1535 -0.107 -0.932 0.718
1536 0.193 -0.632 1.018
1537 -0.037 -0.862 0.788
1538 0.093 -0.732 0.918
1539 -0.157 -0.982 0.668
1540 -0.117 -0.942 0.708
1541 -0.317 -1.142 0.508
1542 0.003 -0.822 0.828
1543 0.023 -0.802 0.848
1544 0.223 -0.602 1.048
1545 -0.567 -1.392 0.258
1546 -0.467 -1.292 0.358
1547 -0.587 -1.412 0.238
1548 -0.347 -1.172 0.478
1549 -0.257 -1.082 0.568
1550 -0.347 -1.172 0.478
1551 -0.157 -0.982 0.668
1552 -0.167 -0.992 0.658
1553 -0.507 -1.332 0.318
1554 -0.187 -1.012 0.638
1555 -0.127 -0.952 0.698
1556 -0.227 -1.052 0.598
1557 -0.167 -0.992 0.658
1558 -0.257 -1.082 0.568
1559 -0.077 -0.902 0.748
1560 -0.277 -1.102 0.548
1561 -0.057 -0.882 0.768
1562 -0.267 -1.092 0.558
1563 -0.477 -1.302 0.348
1564 -0.257 -1.082 0.568
1565 -0.397 -1.222 0.428
1566 -0.727 -1.552 0.098
1567 -0.307 -1.132 0.518
1568 0.393 -0.432 1.218
1569 -0.087 -0.912 0.738
1570 -0.707 -1.532 0.118
1571 -0.477 -1.302 0.348
1572 -0.187 -1.012 0.638
1573 -0.967 -1.792 -0.142
1574 -0.317 -1.142 0.508
1575 -0.277 -1.102 0.548
1576 -0.637 -1.462 0.188
1577 -0.277 -1.102 0.548
1578 -0.507 -1.332 0.318
1579 -0.717 -1.542 0.108
1580 -0.407 -1.232 0.418
1581 -0.567 -1.392 0.258
1582 -0.627 -1.452 0.198
1583 -0.517 -1.342 0.308
1584 -0.257 -1.082 0.568
1585 -0.197 -1.022 0.628
1586 -0.097 -0.922 0.728
1587 -0.307 -1.132 0.518
1588 -0.057 -0.882 0.768
1589 -0.247 -1.072 0.578
1590 -0.237 -1.062 0.588
1591 -0.107 -0.932 0.718
1592 -0.457 -1.282 0.368
1593 -0.197 -1.022 0.628
1594 -0.377 -1.202 0.448
1595 -0.367 -1.192 0.458
1596 -0.077 -0.902 0.748
1597 -0.067 -0.892 0.758
1598 0.233 -0.592 1.058
1599 0.103 -0.722 0.928
1600 -0.097 -0.922 0.728
1601 0.013 -0.812 0.838
1602 0.113 -0.712 0.938
1603 0.023 -0.802 0.848
1604 -0.067 -0.892 0.758
1605 -0.017 -0.842 0.808
1606 -0.587 -1.412 0.238
1607 -0.337 -1.162 0.488
1608 -0.627 -1.452 0.198
1609 -0.577 -1.402 0.248
1610 -0.297 -1.122 0.528
1611 -0.867 -1.692 -0.042
1612 -0.637 -1.462 0.188
1613 -0.257 -1.082 0.568
1614 -0.507 -1.332 0.318
1615 -0.197 -1.022 0.628
1616 -0.367 -1.192 0.458
1617 -0.117 -0.942 0.708
1618 -0.557 -1.382 0.268
1619 -0.297 -1.122 0.528
1620 -0.047 -0.872 0.778
1621 0.023 -0.802 0.848
1622 -0.127 -0.952 0.698
1623 -0.107 -0.932 0.718
1624 0.123 -0.702 0.948
1625 0.063 -0.762 0.888
1626 0.503 -0.322 1.328
1627 -0.027 -0.852 0.798
1628 0.173 -0.652 0.998
1629 0.523 -0.302 1.348
1630 0.233 -0.592 1.058
1631 0.073 -0.752 0.898
1632 -0.367 -1.192 0.458
1633 -0.607 -1.432 0.218
1634 -0.237 -1.062 0.588
1635 -0.487 -1.312 0.338
1636 -0.247 -1.072 0.578
1637 -0.637 -1.462 0.188
1638 -0.457 -1.282 0.368
1639 -0.457 -1.282 0.368
1640 -0.337 -1.162 0.488
1641 -0.327 -1.152 0.498
1642 -0.557 -1.382 0.268
1643 -0.497 -1.322 0.328
1644 -1.027 -1.852 -0.202
1645 -0.607 -1.432 0.218
1646 -0.177 -1.003 0.649
1647 -0.577 -1.403 0.249
1648 -0.187 -1.013 0.639
1649 0.073 -0.753 0.899
1650 0.193 -0.633 1.019
1651 -0.237 -1.063 0.589
1652 -0.197 -1.023 0.629
1653 -0.407 -1.233 0.419
1654 -0.517 -1.343 0.309
1655 -0.627 -1.453 0.199
1656 -0.737 -1.563 0.089
1657 -0.237 -1.063 0.589
1658 -0.277 -1.103 0.549
1659 0.043 -0.783 0.869
1660 0.283 -0.543 1.109
1661 -0.467 -1.293 0.359
1662 0.013 -0.813 0.839
1663 0.263 -0.563 1.089
1664 0.153 -0.673 0.979
1665 0.093 -0.733 0.919
1666 0.293 -0.533 1.119
1667 -0.307 -1.133 0.519
1668 0.113 -0.713 0.939
1669 -0.367 -1.193 0.459
1670 -0.137 -0.963 0.689
1671 0.033 -0.793 0.859
1672 -0.037 -0.863 0.789
1673 -0.277 -1.103 0.549
1674 -0.197 -1.023 0.629
1675 -0.387 -1.213 0.439
1676 -0.117 -0.943 0.709
1677 0.113 -0.709 0.935
1678 0.023 -0.799 0.845
1679 0.143 -0.679 0.965
1680 0.123 -0.699 0.945
1681 -0.097 -0.919 0.725
1682 0.013 -0.809 0.835
1683 -0.287 -1.109 0.535
1684 -0.177 -0.999 0.645
1685 -0.057 -0.879 0.765
1686 0.003 -0.819 0.825
1687 -0.037 -0.859 0.785
1688 0.093 -0.729 0.915
1689 0.103 -0.719 0.925
1690 -0.327 -1.149 0.495
1691 0.043 -0.779 0.865
1692 -0.127 -0.949 0.695
1693 -0.217 -1.039 0.605
1694 -0.367 -1.189 0.455
1695 -0.137 -0.959 0.685
1696 -0.377 -1.199 0.445
1697 -0.327 -1.149 0.495
1698 -0.407 -1.229 0.415
1699 -0.087 -0.909 0.735
1700 -0.257 -1.079 0.565
1701 -0.067 -0.889 0.755
1702 -0.177 -0.999 0.645
1703 -0.267 -1.089 0.555
1704 -0.097 -0.891 0.697
1705 0.013 -0.781 0.807
1706 -0.187 -0.981 0.607
1707 -0.237 -1.031 0.557
1708 -0.177 -0.971 0.617
1709 0.103 -0.691 0.897
1710 0.343 -0.451 1.137
1711 -0.027 -0.821 0.767
1712 -0.547 -1.341 0.247
1713 -0.167 -0.961 0.627
1714 0.393 -0.401 1.187
1715 0.193 -0.601 0.987
1716 0.223 -0.571 1.017
1717 0.303 -0.491 1.097
1718 0.143 -0.651 0.937
1719 -0.077 -0.871 0.717
1720 0.233 -0.561 1.027
1721 -0.637 -1.431 0.157
1722 -0.477 -1.271 0.317
1723 -0.337 -1.131 0.457
1724 0.073 -0.721 0.867
1725 0.263 -0.531 1.057
1726 0.483 -0.311 1.277
1727 0.083 -0.711 0.877
1728 -0.297 -1.091 0.497
1729 0.023 -0.771 0.817
1730 0.513 -0.281 1.307
1731 0.303 -0.491 1.097
1732 0.043 -0.751 0.837
1733 0.523 -0.271 1.317
1734 0.293 -0.501 1.087
1735 0.253 -0.541 1.047
1736 -0.187 -0.981 0.607
1737 -0.277 -1.071 0.517
1738 -0.047 -0.841 0.747
1739 0.123 -0.671 0.917
1740 -0.227 -1.021 0.567
1741 0.173 -0.621 0.967
1742 0.603 -0.191 1.397
1743 0.313 -0.481 1.107
1744 0.333 -0.461 1.127
1745 0.493 -0.301 1.287
1746 0.153 -0.641 0.947
1747 0.113 -0.681 0.907
1748 0.033 -0.761 0.827
1749 -0.177 -0.971 0.617
1750 0.033 -0.761 0.827
1751 0.293 -0.501 1.087
1752 0.213 -0.581 1.007
1753 -0.007 -0.801 0.787
1754 0.213 -0.581 1.007
1755 0.313 -0.481 1.107
1756 0.203 -0.591 0.997
1757 0.313 -0.481 1.107
1758 0.193 -0.584 0.97
1759 0.183 -0.594 0.96
1760 0.023 -0.754 0.8
1761 -0.057 -0.834 0.72
1762 0.003 -0.774 0.78
1763 -0.127 -0.904 0.65
1764 0.103 -0.674 0.88
1765 0.273 -0.504 1.05
1766 0.073 -0.704 0.85
1767 -0.157 -0.934 0.62
1768 0.193 -0.584 0.97
1769 0.453 -0.324 1.23
1770 0.063 -0.714 0.84
1771 -0.227 -1.004 0.55
1772 -0.157 -0.934 0.62
1773 -0.217 -0.994 0.56
1774 -0.297 -1.074 0.48
1775 0.343 -0.434 1.12
1776 0.453 -0.324 1.23
1777 0.333 -0.444 1.11
1778 0.183 -0.594 0.96
1779 0.733 -0.044 1.51
1780 0.343 -0.434 1.12
1781 0.153 -0.624 0.93
1782 0.323 -0.454 1.1
1783 0.493 -0.284 1.27
1784 0.103 -0.674 0.88
1785 0.573 -0.204 1.35
1786 0.183 -0.594 0.96
1787 0.193 -0.584 0.97
1788 0.063 -0.714 0.84
1789 0.423 -0.354 1.2
1790 0.343 -0.434 1.12
1791 0.193 -0.584 0.97
1792 0.153 -0.624 0.93
1793 -0.147 -0.924 0.63
1794 -0.177 -0.926 0.572
1795 -0.227 -0.976 0.522
1796 0.033 -0.716 0.782
1797 0.023 -0.726 0.772
1798 0.293 -0.456 1.042
1799 0.093 -0.656 0.842
1800 -0.077 -0.826 0.672
1801 0.193 -0.556 0.942
1802 -0.047 -0.796 0.702
1803 0.173 -0.563 0.909
1804 -0.047 -0.783 0.689
1805 -0.067 -0.803 0.669
1806 0.043 -0.693 0.779
1807 0.523 -0.213 1.259
1808 0.573 -0.163 1.309
1809 0.513 -0.223 1.249
1810 0.373 -0.363 1.109
1811 -0.157 -0.893 0.579
1812 -0.067 -0.803 0.669
1813 -0.097 -0.833 0.639
1814 -0.107 -0.843 0.629
1815 0.093 -0.643 0.829
1816 0.123 -0.613 0.859
1817 0.103 -0.633 0.839
1818 0.093 -0.643 0.829
1819 0.273 -0.41 0.956
1820 0.043 -0.64 0.726
1821 0.323 -0.36 1.006
1822 0.253 -0.43 0.936
1823 -0.007 -0.69 0.676
1824 -0.187 -0.87 0.496
1825 -0.297 -0.98 0.386
1826 -0.487 -1.17 0.196
1827 0.023 -0.66 0.706
1828 -0.157 -0.84 0.526
1829 0.173 -0.51 0.856
1830 0.253 -0.43 0.936
1831 0.233 -0.45 0.916
1832 0.153 -0.53 0.836
1833 -0.157 -0.84 0.526
1834 -0.217 -0.9 0.466
1835 -0.477 -1.16 0.206
1836 -0.507 -1.19 0.176
1837 -0.347 -1.03 0.336
1838 -0.677 -1.36 0.006
1839 -0.387 -1.07 0.296
1840 -0.467 -1.15 0.216
1841 -0.447 -1.13 0.236
1842 -0.487 -1.17 0.196
1843 -0.387 -1.07 0.296
1844 -0.557 -1.24 0.126
1845 -0.137 -0.82 0.546
1846 -0.707 -1.385 -0.029
1847 -0.097 -0.775 0.581
1848 -0.227 -0.905 0.451
1849 -0.657 -1.335 0.021
1850 -0.687 -1.365 -0.009
1851 -0.207 -0.885 0.471
1852 -0.617 -1.295 0.061
1853 -0.167 -0.845 0.511
1854 -0.547 -1.225 0.131
1855 -0.587 -1.265 0.091
1856 -0.687 -1.365 -0.009
1857 -0.517 -1.195 0.161
1858 -0.367 -1.045 0.311
1859 -0.337 -1.015 0.341
1860 -0.057 -0.735 0.621
1861 -0.397 -1.075 0.281
1862 -0.397 -1.075 0.281
1863 -0.517 -1.195 0.161
1864 -0.437 -1.115 0.241
1865 -0.467 -1.145 0.211
1866 -0.047 -0.725 0.631
1867 -0.347 -1.025 0.331
1868 -0.547 -1.225 0.131
1869 -0.467 -1.145 0.211
1870 -0.697 -1.374 -0.02
1871 -0.267 -0.944 0.41
1872 -0.487 -1.164 0.19
1873 -0.377 -1.054 0.3
1874 -0.327 -1.004 0.35
1875 -0.297 -0.974 0.38
1876 -0.387 -1.064 0.29
1877 -0.127 -0.804 0.55
1878 0.133 -0.544 0.81
1879 -0.077 -0.754 0.6
1880 -0.607 -1.288 0.074
1881 -0.277 -0.958 0.404
1882 -0.457 -1.138 0.224
1883 -0.117 -0.798 0.564
1884 0.463 -0.218 1.144
1885 0.333 -0.348 1.014
1886 -0.147 -0.828 0.534
1887 -0.327 -1.008 0.354
1888 -0.067 -0.748 0.614
1889 -0.447 -1.128 0.234
1890 -0.827 -1.508 -0.146
1891 -0.067 -0.733 0.599
1892 -0.237 -0.763 0.289
1893 -0.137 -0.663 0.389
1894 0.053 -0.473 0.579
1895 -0.287 -0.803 0.229
1896 -0.167 -0.683 0.349
1897 -0.147 -0.636 0.342
1898 0.353 -0.136 0.842
1899 0.023 -0.466 0.512
1900 0.403 -0.123 0.929
1901 0.063 -0.426 0.552
1902 0.343 -0.146 0.832
1903 -0.287 -0.776 0.202
1904 -0.807 -1.296 -0.318
1905 -0.797 -1.286 -0.308
1906 -0.127 -0.616 0.362
1907 0.023 -0.466 0.512
1908 -0.437 -0.926 0.052
1909 -0.237 -0.726 0.252
1910 -0.687 -1.176 -0.198
1911 -0.277 -0.766 0.212
1912 0.123 -0.366 0.612
1913 -0.147 -0.636 0.342
1914 0.133 -0.356 0.622
1915 -0.297 -0.786 0.192
1916 -0.507 -0.996 -0.018
1917 -0.237 -0.726 0.252
1918 -0.157 -0.646 0.332
1919 0.063 -0.426 0.552
1920 -0.027 -0.516 0.462
1921 -0.397 -0.886 0.092
1922 -0.367 -0.856 0.122
1923 -0.157 -0.646 0.332
1924 -0.477 -0.966 0.012
1925 0.163 -0.326 0.652
1926 0.153 -0.336 0.642
1927 -0.217 -0.706 0.272
1928 -0.627 -1.116 -0.138
1929 -0.027 -0.516 0.462
1930 0.183 -0.306 0.672
1931 0.283 -0.206 0.772
1932 0.213 -0.276 0.702
1933 -0.147 -0.636 0.342
1934 -0.437 -0.926 0.052
1935 -0.267 -0.756 0.222
1936 -0.357 -0.846 0.132
1937 0.103 -0.386 0.592
1938 -0.277 -0.766 0.212
1939 0.163 -0.326 0.652
1940 -0.407 -0.896 0.082
1941 -0.287 -0.776 0.202
1942 0.053 -0.436 0.542
1943 0.463 -0.026 0.952
1944 0.583 0.094 1.072
1945 1.043 0.554 1.532
1946 0.163 -0.326 0.652
1947 0.113 -0.376 0.602
1948 0.453 -0.036 0.942
1949 0.113 -0.376 0.602
1950 -0.317 -0.806 0.172
1951 -0.387 -0.876 0.102
1952 0.373 -0.116 0.862
1953 0.243 -0.246 0.732
1954 0.473 -0.016 0.962
1955 0.363 -0.126 0.852
1956 -0.567 -1.056 -0.078
1957 0.053 -0.436 0.542
1958 0.373 -0.116 0.862
1959 -0.227 -0.716 0.262
1960 0.413 -0.076 0.902
1961 0.163 -0.326 0.652
1962 -0.087 -0.576 0.402
1963 0.213 -0.276 0.702
1964 0.073 -0.416 0.562
1965 -0.127 -0.616 0.362
1966 -0.737 -1.226 -0.248
1967 -0.397 -0.886 0.092
1968 0.423 -0.066 0.912
1969 0.183 -0.306 0.672
1970 0.223 -0.266 0.712
1971 -0.647 -1.136 -0.158
1972 0.053 -0.436 0.542
1973 0.203 -0.286 0.692
1974 -0.537 -1.026 -0.048
1975 -0.177 -0.666 0.312
1976 -0.267 -0.756 0.222
1977 -0.137 -0.626 0.352
1978 0.403 -0.086 0.892
1979 0.423 -0.066 0.912
1980 0.073 -0.416 0.562
1981 0.273 -0.216 0.762
1982 -0.067 -0.556 0.422
1983 0.183 -0.306 0.672
1984 0.703 0.214 1.192
1985 0.103 -0.386 0.592
1986 0.573 0.084 1.062
1987 0.403 -0.086 0.892
1988 0.223 -0.266 0.712
1989 0.673 0.184 1.162
1990 0.523 0.034 1.012
1991 0.223 -0.266 0.712
1992 0.113 -0.376 0.602
1993 0.263 -0.226 0.752
1994 0.033 -0.456 0.522
1995 0.143 -0.346 0.632
